import * as math from 'mathjs';

export const allTransformsName = [
    "DCT",
    "DST",
    "DFT",
    "WALSH",
    "HADAMARD",
    "HAAR",
    "SLANT",
    "KL",
    "SVD"
]

const r2 = Math.sqrt(2);
const r5 = Math.sqrt(5);
const i = math.complex(0, 1);
const ni = math.complex(0, -1);
const w = math.complex(math.subtract(0.707, math.divide(i, 1.414)));
const nw = math.multiply(-1, w);
const iw = math.multiply(i, w);
const niw = math.complex(math.multiply(-1, iw));
const hr22 = math.divide(1,2*r2)
const hr2 = 1 / r2 


export const transformationKernel = [
    {
        name: "DCT",
        kernel: {
            "2": [[0.707, 0.707], [0.707, -0.707]],
            "4": [[0.5, 0.5, 0.5, 0.5], [0.653, 0.2705, -0.2705, -0.653], [0.5, -0.5, -0.5, 0.5], [0.2705, -0.653, 0.653, -0.2705]],
            "8": [[0.3536, 0.3536, 0.3536, 0.3536, 0.3536, 0.3536, 0.3536, 0.3536], [.4904, .4157, .2778, 0.0975, -0.0975, -0.2778, -0.4157, -0.4904], [.4619, .1913, -.1913, -.4619, -.4619, -.1913, .1913, .4619], [0.4157, -0.0975, -0.4904, -0.2778, 0.2778, 0.4904, 0.0975, -0.4157], [0.3536, -0.3536, -0.3536, 0.3536, 0.3536, -0.3536, -0.3536, 0.3536], [0.2778, -0.4904, .0975, .4157, -.4157, -.0975, .4904, -.2778], [.1913, -.4619, .4619, -.1913, -.1913, .4619, -.4619, .1913], [.0975, -.2778, .4157, -.4904, .4904, -.4157, .2778, -.0975]],
            
        }
    },
    {
        name: "DST",
        kernel: {
            "2": [[0.707, 0.707], [0.707, -0.707]],
            "4": [[0.37, 0.6, 0.6, 0.37], [0.6, 0.37, -0.37, -0.6], [0.6, -0.37, -0.37, 0.6], [0.37, -0.6, 0.6, -0.37]],
            "8": [[0.161, 0.303, 0.408, 0.464, 0.464, 0.408, 0.303, 0.161], [0.303, 0.464, 0.408, 0.161, -0.161, -0.408, -0.464, -0.303], [0.408, 0.408, 0.000, -0.408, -0.408, -0.000, 0.408, 0.408], [0.464, 0.161, -0.408, -0.303, 0.303, 0.408, -0.161, -0.464], [0.464, -0.161, -0.408, 0.303, 0.303, -0.408, -0.161, 0.464], [0.408, -0.408, -0.000, 0.408, -0.408, -0.000, 0.408, -0.408], [0.303, -0.464, 0.408, -0.161, -0.161, 0.408, -0.464, 0.303], [0.161, -0.303, 0.408, -0.464, 0.464, -0.408, 0.303, -0.161]]
        }
    },
    {
        name: "DFT",
        kernel: {
            "2": [[1, 1], [1, -1]],
            "4": [[1, 1, 1, 1], [1, ni, -1, i], [1, -1, 1, -1], [1, i, -1, ni]],
            "8": [[1, 1, 1, 1, 1, 1, 1, 1], [1, w, ni, niw, -1, nw, i, iw], [1, ni , -1, i, 1, ni, -1, i], [1, niw, i, w, -1, iw, ni, nw], [1, -1, 1, -1, 1, -1, 1, -1], [1, nw, ni, iw, -1, w, i, niw], [1, i, -1, ni, 1, i, -1, ni], [1, iw, i, nw, -1, niw, ni, w]],
            "2*": [[1, 1], [1, -1]],
            "4*": [[1, 1, 1, 1], [1, i, -1, ni], [1, -1, 1, -1], [1, ni, -1, i]],
            "8*": [[1, 1, 1, 1, 1, 1, 1, 1], [1, nw, i, iw, -1, w, ni, niw], [1, i, -1, ni, 1, i, -1, ni], [1, iw, ni, nw, -1, niw, i, w], [1, -1, 1, -1, 1, -1, 1, -1], [1, w, i, niw, -1, nw, ni, iw], [1, ni, -1, i, 1, ni, -1, i], [1, niw, ni, w, -1, iw, i, nw]],
        }
    },
    {
        name: "WALSH",
        kernel: {
            "2": [[1, 1], [1, -1]],
            "4": [[1, 1, 1, 1], [1, 1, -1, -1], [1, -1, 1, -1], [1, -1, -1, 1]],
            "8": [[1, 1, 1, 1, 1, 1, 1, 1], [1, 1, 1, 1, -1, -1, -1, -1], [1, 1, -1, -1, 1, 1, -1, -1], [1, 1, -1, -1, -1, 1, 1, 1], [1, -1, 1, -1, 1, -1, 1, -1], [1, -1, 1, 1, -1, 1, -1, 1], [1, -1, -1, 1, 1, -1, -1, 1], [1, -1, -1, 1, -1, 1, 1, -1]]
        }
    },
    {
        name: "HADAMARD",
        kernel: {
            "2": [[1, 1], [1, -1]],
            "4": [[1, 1, 1, 1], [1, -1, 1, -1], [1, 1, -1, -1], [1, -1, -1, 1]],
            "8": [[1, 1, 1, 1, 1, 1, 1, 1], [1, -1, 1, -1, 1, -1, 1, -1], [1, 1, -1, -1, 1, 1, -1, -1,], [1, -1, -1, 1, 1, -1, -1, 1], [1, 1, 1, 1, -1, -1, -1, -1], [1, -1, 1, -1, -1, 1, -1, 1], [1, 1, -1, -1, -1, -1, 1, 1], [1, -1, -1, 1, -1, 1, 1, -1]]
        }
    },
    {
        name: "HAAR",
        kernel: {
            "2": [[hr2, hr2], [hr2, -hr2]],
            "4": [[1 / 2, 1 / 2, 1 / 2, 1 / 2], [1 / 2, 1 / 2, -1 / 2, -1 / 2], [hr2, -hr2, 0, 0,], [0, 0, hr2, -hr2]],
            "8": [[hr22, hr22, hr22, hr22, hr22, hr22, hr22, hr22], [hr22, hr22, hr22, hr22, -hr22, -hr22, -hr22, -hr22], [0.5, 0.5, -0.5, -0.5, 0, 0, 0, 0], [0, 0, 0, 0, 0.5, 0.5, -0.5, -0.5], [hr2, -hr2, 0, 0, 0, 0, 0, 0], [0, 0, hr2, -hr2, 0, 0, 0, 0], [0, 0, 0, 0, hr2, -hr2, 0, 0], [0, 0, 0, 0, 0, 0, hr2, -hr2]]
        }
    },
    {
        name: "SLANT",
        kernel: {
            "2": [[hr2, hr2], [hr2, -hr2]],
            "4": [[1 / 2, 1 / 2, 1 / 2, 1 / 2], [3 / (2 * r5), 1 / (2 * r5), -1 / (2 * r5), -3 / (2 * r5)], [1 / 2, -1 / 2, -1 / 2, 1 / 2], [1 / (2 * r5), -3 / (2 * r5), 3 / (2 * r5), -1 / (2 * r5)]],
            "8": [[], [], [], [], [], [], [], []]
        }
    }
]